13,101
13,100
13,99
13,98
13,97
13,96
13,95
13,94
13,93
13,92
13,91
13,90
13,89
13,88
13,87
13,86
13,85
13,84
13,83
13,82
13,81
13,80
13,79
13,78
13,77
13,76
13,75
13,74
13,73
13,72
13,71
13,70
13,69
13,68
13,67
13,66
13,65
13,64
13,35
13,34
13,33
13,32
13,31
13,30
13,29
13,28
13,27
13,26
13,25
13,24
13,23
13,22
13,21
13,20
13,19
13,18
13,17
13,16
13,15
13,14
13,13
13,12
13,11
13,10
13,9
13,8
13,7
13,6
13,5
13,4
13,3
13,2
13,1
13,0
4,3
4,2
4,1
4,0
3,6
3,5
3,4
3,3
3,2
3,1
3,0
2,2
1,2
0,447
0,433
0,417
0,415
0,410
0,408
0,407
0,395
0,392
0,387
0,386
0,382
0,381
0,380
0,374
0,359
0,357
0,322
0,318
0,243
2,1
2,3
2,0
1,1
1,3
1,0
0,9
0,310
0,305
0,308
0,304
0,303
0,302
0,307
0,12
0,10
0,8
0,0
0,424
0,300
0,353
0,299
0,315
0,298
0,328
0,297
0,390
0,296
0,348
0,295
0,444
0,294
0,403
0,293
0,368
0,292
0,326
0,291
0,442
0,290
0,333
0,289
0,366
0,288
0,345
0,287
0,313
0,286
0,379
0,285
0,383
0,284
0,396
0,283
0,429
0,282
0,438
0,281
0,329
0,280
0,312
0,279
0,441
0,278
0,337
0,277
13,102
13,103
13,105
13,106
13,108
13,109
13,111
13,113
13,114
13,116
13,117
13,119
13,121
13,122
13,124
13,125
13,127
14,0
14,3
13,130
13,131
13,133
13,134
13,136
13,138
13,139
13,141
13,142
13,144
13,145
13,147
13,149
13,150
13,152
13,153
13,155
13,157
13,158
13,160
13,161
13,163
13,164
13,166
13,168
13,169
13,171
13,172
13,174
13,176
13,177
13,179
13,180
13,182
13,184
13,185
13,187
13,188
13,190
13,191
13,193
13,195
13,196
13,198
13,199
13,201
13,203
13,204
13,206
13,207
13,209
13,210
13,212
13,214
13,215
13,217
13,218
13,220
13,222
13,223
13,225
13,226
13,228
13,229
13,231
13,233
13,234
13,236
13,237
13,239
13,241
13,242
13,244
13,245
13,247
13,249
13,250
13,252
13,253
13,255
13,256
13,258
13,260
13,261
13,263
13,264
13,266
13,268
13,269
13,271
13,272
13,274
13,275
13,277
13,279
13,280
13,282
13,283
13,285
13,287
13,288
13,290
13,291
13,293
13,294
13,296
13,298
13,299
13,301
13,302
13,304
13,306
13,307
13,309
13,310
13,312
13,313
13,315
14,2
14,4
14,6
14,7
14,9
14,11
14,12
14,14
14,15
14,17
14,19
14,20
14,22
14,23
14,25
14,26
14,28
14,30
14,29
14,27
14,24
14,21
14,18
14,16
14,13
14,10
14,8
14,5
14,1
13,314
13,311
13,308
13,305
13,303
13,300
13,297
13,295
13,292
13,289
13,286
13,284
13,281
13,278
13,276
13,273
13,270
13,267
13,265
13,262
13,259
13,257
13,254
13,251
13,248
13,246
13,243
13,240
13,238
13,235
13,232
13,230
13,227
13,224
13,221
13,219
13,216
13,213
13,211
13,208
13,205
13,202
13,200
13,197
13,194
13,192
13,189
13,186
13,183
13,181
13,178
13,175
13,173
13,170
13,167
13,165
13,162
13,159
13,156
13,154
13,151
13,148
13,146
13,143
13,140
13,137
13,135
13,132
13,129
13,128
13,126
13,123
13,120
13,118
13,115
13,112
13,110
13,107
13,104
0,399
0,276
0,367
0,275
0,311
0,274
0,420
0,273
0,404
0,272
0,347
0,271
0,412
0,270
0,365
0,269
0,397
0,268
0,405
0,267
0,398
0,266
0,338
0,265
0,351
0,264
0,335
0,263
0,439
0,262
0,330
0,261
0,334
0,260
0,402
0,259
0,436
0,258
0,375
0,257
0,422
0,256
0,350
0,255
0,309
0,254
0,362
0,253
0,421
0,252
0,372
0,251
0,435
0,250
0,446
0,249
0,248
0,336
0,247
0,423
0,246
0,323
0,245
0,378
0,244
0,340
0,242
0,306
0,241
0,393
0,240
0,377
0,239
0,358
0,238
0,341
0,237
0,376
0,236
0,418
0,235
0,324
0,234
0,411
0,233
0,440
0,232
0,416
0,231
0,339
0,230
0,406
0,229
0,364
0,228
0,414
0,227
0,320
0,226
0,434
0,225
0,352
0,224
0,388
0,223
0,319
0,222
0,437
0,221
0,430
0,220
0,373
0,219
0,218
0,400
0,217
0,331
0,216
0,389
0,215
0,363
0,214
0,428
0,213
0,360
0,212
0,332
0,211
0,344
0,210
0,426
0,209
0,321
0,208
0,317
0,207
0,361
0,206
0,205
0,385
0,204
0,427
0,203
0,419
0,202
0,413
0,201
0,346
0,200
0,199
0,354
0,198
0,197
0,369
0,196
0,343
0,195
0,356
0,194
0,301
0,193
0,443
0,192
0,327
0,63
0,394
0,62
0,61
0,371
0,60
0,370
0,59
0,349
0,58
0,57
0,425
0,56
0,401
0,55
0,384
0,54
0,316
0,53
0,391
0,52
0,314
0,51
0,432
0,50
0,409
0,49
0,342
0,48
0,325
0,47
0,431
0,46
0,445
0,45
0,355
0,6
0,5
0,1
0,11
0,4
0,2
0,3
0,7
